XY0 = [
3008	3840	3953	4315	4029	3639	2920	2152	0
4349	5683	5825	5888	5640	4488	3667	2488	0
5200	6224	6566	6268	5890	4816	3912	2616	0
5653	6488	6928	7032	6368	5464	3928	2720	0
5559	6560	6528	6392	6186	5168	3928	2607	0
4951	6400	6280	6486	6168	5144	3776	2256	0
4255	5223	5409	5983	5601	4808	3512	2096	0
2870	3773	3912	4186	4006	3720	2960	1888	0
0	0	0	0	0	0	0	0	0
]
XY1 = [
3768	5120	5531	5904	5648	4904	3914	3088	0
4912	6647	7056	7280	7440	6104	4813	3488	0
6088	7496	8561	8539	8080	6568	5415	4085	0
6650	7923	8904	9151	8528	7640	5888	4160	0
6472	8271	9360	9360	8692	7736	5992	4368	0
6152	7744	8320	8462	7679	6893	5396	3676	0
5369	6560	7336	7484	7142	6498	4826	3586	0
3593	4731	5360	5688	5500	5272	4338	2792	0
0	0	0	0	0	0	0	0	0
]
XY2 = [
3712	4886	5625	6176	5872	5248	4326	3104	0
5073	6837	7797	7544	7408	6668	5574	4048	0
6120	7426	8872	9303	9008	7816	6574	4877	0
6506	8312	9424	10029	9153	8272	6702	5228	0
6405	8724	9776	10129	9414	8568	7216	5176	0
6032	7881	8888	9319	8490	7720	6600	4808	0
5200	6712	7855	8253	7792	7232	5672	4024	0
3539	4849	5795	6421	6143	5648	4958	2940	0
0	0	0	0	0	0	0	0	0
]
XY3 = [
2816	4366	4980	5554	5584	4950	4084	2608	0
4064	5908	6848	7344	7254	6397	5269	3600	0
5240	7067	8405	9214	8788	7728	6496	4448	0
5672	7689	8952	9659	9202	8416	6984	5072	0
5192	7295	8685	9451	9120	8776	7312	5088	0
5352	7072	8328	8858	8776	8297	6688	4648	0
4271	6032	7010	7460	7022	6875	5416	3800	0
2773	4008	4664	5264	5343	4677	3822	2592	0
0	0	0	0	0	0	0	0	0
]
color_range = [0 100000];
figure(1)
subplot(4,1,1), pcolor(XY0), axis off, caxis( color_range ), colormap(jet)
subplot(4,1,2), pcolor(XY1), axis off, caxis( color_range ), colormap(jet)
subplot(4,1,3), pcolor(XY2), axis off, caxis( color_range ), colormap(jet)
subplot(4,1,4), pcolor(XY3), axis off, caxis( color_range ), colormap(jet)
set(gcf, 'PaperPosition', [1 1 7 30]);
print(gcf,'-djpeg','-r0','_DLADR_sel-0_BL_pir-0.010000_traffic-0.txt.jpg')
total waiting time
XY0 = [
3415	4656	4368	4914	4660	4310	3536	2296	0
5188	6714	7024	7576	6792	5208	4050	2984	0
6922	7383	8557	8243	7649	5384	4560	2744	0
7587	8032	8240	9072	7832	6448	4488	2936	0
7174	8176	8056	7384	7409	6536	4264	2838	0
5981	8112	9288	8893	7998	6776	4240	2328	0
4725	6150	6696	7237	6863	6103	4384	2168	0
3101	4028	4504	4793	4565	4239	3288	1936	0
0	0	0	0	0	0	0	0	0
]
XY1 = [
4432	6464	7066	7336	6728	5856	4729	3432	0
5568	8454	9480	9451	9096	7536	5812	3936	0
7824	10340	11420	11393	10144	8344	6710	4908	0
8449	10640	11672	12430	11176	10112	6944	4800	0
8288	11094	12240	11759	11531	10544	7112	5024	0
7416	10104	10856	10853	10222	8340	6426	4202	0
6872	8520	8592	10107	8659	7856	5904	4105	0
4224	5714	6912	6718	7843	6632	5505	3016	0
0	0	0	0	0	0	0	0	0
]
XY2 = [
3984	5973	6951	7928	7072	7040	4972	3552	0
6112	8322	9996	9840	9720	8595	6917	4768	0
8552	10640	12768	12642	12080	10559	8020	5831	0
8366	10592	14088	15468	12424	10991	7877	6331	0
8548	11506	13560	15023	12749	10784	9512	6120	0
7936	10616	12252	12181	11505	9968	8088	5824	0
6288	9752	10982	11612	10712	8952	7128	4528	0
3914	5720	7154	8211	8118	6952	6252	3563	0
0	0	0	0	0	0	0	0	0
]
XY3 = [
3159	5541	6059	6905	7325	6436	4811	2760	0
4632	7491	9400	9872	9469	7963	7028	4096	0
6528	10138	11881	13088	11667	9544	7720	5288	0
7328	11712	12520	14265	13369	11544	9336	6048	0
6192	10070	12440	13953	13159	13472	9096	6768	0
6512	9752	11432	11945	13400	11088	9112	5464	0
4878	7320	10505	9995	8445	8225	6823	4240	0
3212	4496	5928	6528	6598	6020	4413	2816	0
0	0	0	0	0	0	0	0	0
]
color_range = [0 100000];
figure(1)
subplot(4,1,1), pcolor(XY0), axis off, caxis( color_range ), colormap(jet)
subplot(4,1,2), pcolor(XY1), axis off, caxis( color_range ), colormap(jet)
subplot(4,1,3), pcolor(XY2), axis off, caxis( color_range ), colormap(jet)
subplot(4,1,4), pcolor(XY3), axis off, caxis( color_range ), colormap(jet)
