XY0 = [
2995	3708	3608	3083	3021	2732	2507	2250	2084	1857	1403	1262	0
4796	5710	5901	5278	4849	4160	3725	2910	2593	2061	1765	1352	0
7368	9296	9524	8562	7412	6243	5203	4132	3617	2846	1870	1410	0
9873	12899	12866	11662	10241	8477	6767	4988	4184	2830	2055	1247	0
11046	15120	14797	13412	11759	9986	7626	5865	4435	3164	2226	1499	0
13071	17604	17893	16429	14116	11774	8840	6688	4943	3406	2284	1503	0
13469	18725	19143	17229	14496	12041	9279	6604	4966	3257	2256	1449	0
12903	16997	17398	15889	13453	11053	8110	5792	4598	3040	2056	1427	0
11599	15255	16093	15279	12716	10190	7735	5666	4159	3082	2171	1530	0
10910	13570	13792	12484	10434	8496	6818	4933	4048	2960	2239	1595	0
8222	11163	11637	9899	8353	6639	5551	4190	3197	2420	1844	1250	0
5961	9038	8956	7712	6463	5261	4194	3553	2905	2341	1879	1270	0
0	0	0	0	0	0	0	0	0	0	0	0	0
]
XY1 = [
3296	3746	3831	3868	3988	3779	3605	3425	3186	2940	2288	1902	0
4313	5828	6299	5904	5859	5765	5468	4691	4226	3559	3140	2428	0
6531	9007	10077	9286	8971	8130	7378	6370	5435	4448	3516	3001	0
8313	12194	13988	13381	12516	11312	9431	7632	6703	4927	4203	3213	0
10075	16374	17929	17554	15608	13916	11439	9622	7660	5727	4877	3528	0
11451	16584	19929	20291	18408	16266	13944	11249	8713	6319	4954	3734	0
12124	18136	21031	20436	17748	15344	13220	10440	8486	6175	5021	3844	0
12052	17779	20847	19505	17578	15009	12339	9867	8176	6018	4668	3494	0
12496	17091	19448	18601	16899	13917	11712	9677	7855	5854	4547	3277	0
11067	16026	18385	17651	15809	13038	10694	8480	7206	5469	4136	3173	0
9363	13364	15069	13933	11923	9950	8467	6899	5801	4519	3493	2473	0
6475	10743	11410	10387	9574	8570	7517	6470	5510	4253	3349	2285	0
0	0	0	0	0	0	0	0	0	0	0	0	0
]
XY2 = [
3674	4823	5537	5383	5600	5146	5073	4693	4175	3788	2960	2308	0
5706	7683	8944	8889	9251	8533	7730	6711	5751	5044	4036	3201	0
7300	10052	12169	12371	12300	11212	10040	8612	7432	6464	5063	4218	0
9570	13633	16694	17471	16886	15711	13433	11303	9401	7779	6126	4914	0
11083	15318	18522	20255	19346	17771	14925	12737	10145	8423	6798	5384	0
11134	15845	20153	21544	21180	19024	16640	14168	10972	9211	7045	5722	0
11511	16450	20481	22105	21036	19797	16709	13443	10910	8870	7060	5592	0
10963	15836	20574	21265	19863	18153	14914	12525	10457	8381	6773	5124	0
10408	14759	18969	19609	18235	16053	13292	11501	9308	7588	6152	4708	0
10197	14455	17950	18105	16840	14603	12149	9890	8302	6597	5156	4214	0
8824	12514	14464	13491	11972	10705	9307	8061	6765	5364	4524	3302	0
6115	9520	10617	9722	9546	8496	7633	6467	5646	4395	3457	2500	0
0	0	0	0	0	0	0	0	0	0	0	0	0
]
XY3 = [
3082	4945	5772	6257	6536	6601	6313	5741	4908	4294	3153	2048	0
4840	7183	8682	10052	10298	10081	9277	8264	6942	5799	4341	2993	0
5819	8678	11000	12492	12666	12329	10968	9814	8674	7318	5540	4057	0
7632	10974	14496	16919	16852	16170	14350	12804	10720	8643	6784	4883	0
7857	12463	16022	19913	20223	19990	18085	15958	13082	10296	7769	5623	0
8159	12427	16124	19362	19699	18625	16702	14372	12030	9924	7476	5553	0
8514	12606	16249	19065	18781	17549	15119	12579	10897	8875	6771	4964	0
7610	11970	15506	17343	17292	15622	13440	11186	9871	8037	6504	4691	0
6561	10685	13925	15294	15129	13386	11947	9842	8524	6999	5595	4303	0
5680	9384	12101	12433	11959	10664	9684	8133	7146	5732	4467	3437	0
4793	7654	9361	9344	8769	8134	7248	6555	5692	4540	3862	2717	0
3393	5411	6455	6420	6589	6294	5892	5229	4661	3822	2994	1992	0
0	0	0	0	0	0	0	0	0	0	0	0	0
]
color_range = [0 100000];
figure(1)
subplot(4,1,1), pcolor(XY0), axis off, caxis( color_range ), colormap(jet)
subplot(4,1,2), pcolor(XY1), axis off, caxis( color_range ), colormap(jet)
subplot(4,1,3), pcolor(XY2), axis off, caxis( color_range ), colormap(jet)
subplot(4,1,4), pcolor(XY3), axis off, caxis( color_range ), colormap(jet)
set(gcf, 'PaperPosition', [1 1 7 30]);
print(gcf,'-djpeg','-r0','_DLADR_sel-0_BL_pir-0.110000_traffic-0.txt.jpg')
total waiting time
XY0 = [
258944	294624	281321	278897	282287	256047	275479	194541	159151	75847	30587	4564	0
421967	324048	290585	284955	273726	264299	263781	257815	257906	230959	136967	19009	0
432092	357283	329586	305342	299398	296836	294160	291085	279507	268283	189301	55780	0
477314	397469	334787	322753	329176	314244	301958	298164	295620	293846	245825	102760	0
514669	425858	354939	344023	325243	308116	297930	294804	284784	276099	241120	107767	0
508608	464621	387405	349025	345391	335317	327770	316839	302756	274285	251486	137630	0
491448	476544	397405	357481	346007	338374	328559	322594	319239	317899	288279	137182	0
492270	504121	407496	350452	343967	334685	323765	318695	315797	307406	295394	143700	0
477369	490415	393049	351412	343463	333111	327040	321476	315323	313791	267475	133950	0
481866	466012	364279	330560	324447	317535	304860	283253	242586	197491	167866	94787	0
446531	422556	337506	308033	307304	299080	286886	269633	231978	213790	161664	72661	0
272888	316313	301937	303138	312472	300700	297448	297190	288452	224258	145188	58367	0
0	0	0	0	0	0	0	0	0	0	0	0	0
]
XY1 = [
227563	222211	145617	131147	247743	246661	211841	132411	64624	5896	2938	2533	0
362706	278178	268463	258482	252783	251300	230929	112194	7698	6715	5090	3671	0
422401	374738	332326	310246	306853	273940	243223	238963	232414	195297	87869	58379	0
523861	467580	400344	362365	342764	331401	313086	287972	270484	249047	131878	11077	0
548338	546273	446871	411633	377350	359913	336529	310792	292310	292369	290555	145676	0
554198	646967	516898	433498	398334	374464	351845	320824	306341	303635	297026	148948	0
563306	638685	522200	432349	383781	359761	348092	335457	322725	290543	244979	114226	0
532481	664955	523242	426444	392894	367926	342177	319365	296469	200757	64124	4324	0
529017	651087	501521	405649	377819	347662	326540	317205	315430	287285	231327	118965	0
567585	572834	461593	387837	362660	342575	332704	327474	324532	314961	260528	106887	0
495435	553490	435106	361480	335822	329087	319257	287564	230417	211570	89411	59446	0
301080	406941	354422	343327	334883	328121	327404	321527	310687	295292	199381	53542	0
0	0	0	0	0	0	0	0	0	0	0	0	0
]
XY2 = [
283869	355819	335035	332241	262738	176276	128023	96643	77769	73028	64165	35154	0
456900	448137	376126	348630	333503	309824	269387	233056	173386	98827	22499	22013	0
483096	480326	412468	371790	354674	322534	299712	276075	264741	194456	114879	71434	0
537059	564605	497307	432433	397837	376627	348189	322075	315066	280624	234434	114508	0
534222	644852	578294	481163	434692	392194	361496	340344	327171	319906	302971	154826	0
539952	698192	629275	530028	452668	407306	373199	349399	331522	328326	301963	148717	0
578081	707024	637313	542574	457383	419995	368625	338048	316596	291138	274804	145365	0
555331	719686	645135	528360	453574	404253	358944	318097	295542	254273	229681	121486	0
529140	688373	599626	465469	409882	367188	335045	320122	283905	234700	120580	15396	0
514503	656208	537677	439422	398300	369695	334327	285925	217472	216677	165387	54234	0
437347	630948	450535	382336	371696	348071	336642	329002	285100	244066	94426	64704	0
281521	473897	359087	352247	343604	337441	331319	323762	323700	302471	173623	86369	0
0	0	0	0	0	0	0	0	0	0	0	0	0
]
XY3 = [
287782	369831	346522	339343	336520	329764	309160	291957	283399	212462	98594	2306	0
444097	445229	401016	392621	380761	347651	337690	319475	296422	265820	233019	80547	0
485252	488217	417512	391111	378332	361438	337829	321325	293496	281065	251729	106788	0
516946	581925	503953	458724	424812	394567	358818	340030	327801	317568	297946	150791	0
530998	649164	596902	528501	475643	439109	409135	379486	341916	325479	307139	150632	0
527552	695871	631821	540411	482420	430415	386941	360245	339735	319307	261817	109657	0
513206	693967	599595	508129	442758	393360	357540	331205	320478	287681	224926	104742	0
508052	687790	571597	476652	410632	367193	332716	311468	301114	238826	155520	47693	0
521861	648671	534605	428062	379438	338579	255352	224194	218373	221872	147603	69416	0
514235	575037	436201	367985	348788	341731	293927	236455	81038	53791	7876	4561	0
488547	537069	384297	332825	312799	260542	134514	124395	43581	41943	39149	20025	0
272072	392397	352900	330785	339226	333146	320936	297629	256517	164656	74938	25797	0
0	0	0	0	0	0	0	0	0	0	0	0	0
]
color_range = [0 100000];
figure(1)
subplot(4,1,1), pcolor(XY0), axis off, caxis( color_range ), colormap(jet)
subplot(4,1,2), pcolor(XY1), axis off, caxis( color_range ), colormap(jet)
subplot(4,1,3), pcolor(XY2), axis off, caxis( color_range ), colormap(jet)
subplot(4,1,4), pcolor(XY3), axis off, caxis( color_range ), colormap(jet)
