Cycletime: 10000
XY0=[
2856	3800	3722	4042	3950	3744	2760	1888	
4448	5288	6120	6040	5632	4920	3512	2384	
5592	6112	6808	6642	6040	5382	3911	2464	
5760	6648	7032	6874	6235	5536	4045	2603	
5552	6304	7224	6736	6304	5619	4063	2745	
5153	5859	6277	6079	5625	4960	3762	2552	
4338	4893	5264	5240	5232	4364	3187	1944	
2760	3806	4280	4040	3960	3704	2614	1680	
]

XY1=[
3544	4784	4984	5168	5032	4538	3592	2920	
5184	6424	7376	7016	6920	5926	4774	3776	
6264	7656	8672	8776	8042	7133	5617	4083	
6520	8072	9200	9244	8557	7518	5808	4345	
6736	7656	8984	9272	8533	7442	5793	4168	
6242	7423	8277	8960	7760	7000	5536	4000	
5380	6431	7080	7680	6844	6118	4794	3368	
3736	4688	5201	5403	5336	4896	3708	2416	
]

XY2=[
3960	4976	5464	5786	5728	5288	4442	3052	
5171	6759	7648	8144	7506	6880	5616	4224	
6197	7720	8883	9536	8504	7736	6648	4880	
6519	8440	9432	10038	9079	8641	7024	5168	
6960	8360	9560	9832	9173	8485	7208	5264	
6274	8059	9123	9497	8723	7771	6527	5056	
5474	6886	7672	8176	7606	6673	5769	4253	
3816	4778	5648	5848	5984	5566	4502	3003	
]

XY3=[
3152	4568	5176	5464	5648	5160	4128	2746	
4208	5944	7391	7536	7361	6387	5509	4007	
5130	6628	8091	8576	8229	7443	6529	4712	
5608	7671	8968	9328	9065	8280	7072	4952	
5600	7343	8703	9229	9171	8224	7272	5168	
5288	6909	8165	8552	8790	7790	6900	4768	
4352	5736	6776	7376	7619	6608	5632	3920	
2848	3888	4632	5128	5352	4968	3968	2528	
]

color_range = [0 300000]
figure(1)
subplot(4,1,1), pcolor(XY0), axis off, caxis( color_range ), colormap(jet)
subplot(4,1,2), pcolor(XY1), axis off, caxis( color_range ), colormap(jet)
subplot(4,1,3), pcolor(XY2), axis off, caxis( color_range ), colormap(jet)
subplot(4,1,4), pcolor(XY3), axis off, caxis( color_range ), colormap(jet)
set(gcf, 'PaperPosition', [1 1 7 30]);
print(gcf,'-djpeg','-r0','_DLADR_sel-0_BL_pir-0.010000_traffic-0.txt.jpg')
Cycletime: 10000
XY0=[
2568	3592	3912	4016	4000	3800	2824	1856	
4024	5272	5600	5496	5560	4914	3752	2480	
5160	6040	6354	5912	5592	5316	4008	2640	
5344	6792	7564	6840	6336	5624	4184	2712	
5376	6448	7166	6568	6293	5384	4152	2648	
5032	6065	6523	6440	6424	5480	4040	2503	
4104	5368	5864	5848	5824	4760	3624	2312	
2704	3784	3928	4162	4360	3704	2784	2112	
]

XY1=[
3730	5224	5673	5635	5697	5086	4176	2712	
5296	7017	7523	7278	7520	6296	5160	3632	
6544	8147	8652	8372	8136	7432	5864	4008	
6736	8549	9612	9381	8605	7878	6696	4772	
6736	8511	9152	9624	8473	7445	6312	4478	
6600	7861	8128	8792	8337	7608	5920	4032	
5400	6715	7184	7480	7104	6360	5024	3562	
3832	4944	5424	6005	5744	5016	4040	2920	
]

XY2=[
3800	5056	5952	6001	6143	5512	4456	2894	
5280	6836	7622	7568	7696	7046	5811	4065	
6392	7874	8824	8786	8624	8070	6508	4990	
6682	8395	9534	9275	9074	8120	6920	5272	
6563	8608	9760	9984	9380	8448	7118	4980	
6445	8186	8908	9273	8640	8088	6592	4728	
5352	6769	7584	8093	7967	7288	5552	3904	
3784	4992	5672	6071	5744	5008	4072	2792	
]

XY3=[
3104	4512	5416	5944	5712	5112	4103	2700	
4192	5592	6784	7720	7328	6600	5373	3648	
5048	6696	8057	8661	8129	7416	6147	4928	
5436	7297	8749	9232	8767	7990	6513	5200	
5510	7575	8960	9807	9462	8292	6414	5224	
5107	7277	8368	9297	8757	7784	6272	4960	
4200	5851	6829	7779	7764	6688	5024	3864	
2728	4193	5032	5640	5441	4712	3888	2824	
]

color_range = [0 300000]
figure(1)
subplot(4,1,1), pcolor(XY0), axis off, caxis( color_range ), colormap(jet)
subplot(4,1,2), pcolor(XY1), axis off, caxis( color_range ), colormap(jet)
subplot(4,1,3), pcolor(XY2), axis off, caxis( color_range ), colormap(jet)
subplot(4,1,4), pcolor(XY3), axis off, caxis( color_range ), colormap(jet)
set(gcf, 'PaperPosition', [1 1 7 30]);
print(gcf,'-djpeg','-r0','_DLADR_sel-0_BL_pir-0.010000_traffic-0.txt.jpg')
Cycletime: 10000
XY0=[
2513	3409	3574	3488	2935	1844	
3503	4339	4536	4268	3460	2132	
3399	4315	4670	4257	3188	2108	
2484	3548	3632	3633	2778	1856	
]

XY1=[
3466	4229	4519	4129	3724	2610	
4244	5438	5762	5175	4674	3106	
4226	5540	5937	5631	4674	3095	
3006	4141	4453	4381	3685	2463	
]

XY2=[
3091	4274	4789	4244	3769	2723	
4153	5273	6170	5612	4836	3285	
4065	5357	5662	5608	4621	3206	
3010	4235	4472	4672	3722	2536	
]

XY3=[
2432	3776	4289	4010	3517	2342	
3217	4494	4922	4867	4233	2963	
3267	4303	4887	4867	3838	2962	
2409	3443	3848	4093	3211	2049	
]

color_range = [0 300000]
figure(1)
subplot(4,1,1), pcolor(XY0), axis off, caxis( color_range ), colormap(jet)
subplot(4,1,2), pcolor(XY1), axis off, caxis( color_range ), colormap(jet)
subplot(4,1,3), pcolor(XY2), axis off, caxis( color_range ), colormap(jet)
subplot(4,1,4), pcolor(XY3), axis off, caxis( color_range ), colormap(jet)
set(gcf, 'PaperPosition', [1 1 7 30]);
print(gcf,'-djpeg','-r0','_DLADR_sel-0_BL_pir-0.010000_traffic-0.txt.jpg')
Cycletime: 10000
XY0=[
2316	3257	3276	3153	2811	1858	
3445	4357	4591	3937	3427	1989	
4201	4880	4862	4553	3768	2247	
3992	4677	4951	4579	3799	2308	
3613	4207	4477	3861	3114	1974	
2429	2863	3249	3128	2540	1641	
]

XY1=[
3115	4157	4220	4052	3577	2472	
4442	5320	5791	5514	4796	3108	
5007	6044	6187	6141	4974	3490	
4982	6070	6387	5939	4861	3326	
4401	5818	5987	5412	4515	3057	
3294	3957	4462	4223	3580	2539	
]

XY2=[
3127	4174	4619	4463	3889	2779	
4569	5849	6025	5432	4949	3673	
5290	6516	6843	6452	5527	4037	
5414	6099	6834	6355	5517	4092	
4652	5608	6369	5934	5059	3553	
3457	4373	4891	4630	3686	2607	
]

XY3=[
2456	3541	4005	3691	3278	2272	
3434	4680	5464	5072	4622	3358	
4140	5326	5957	6037	5076	3581	
4148	5298	6005	6046	5226	3681	
3743	4886	5323	5322	4458	3020	
2503	3525	4053	4061	3445	2263	
]

color_range = [0 300000]
figure(1)
subplot(4,1,1), pcolor(XY0), axis off, caxis( color_range ), colormap(jet)
subplot(4,1,2), pcolor(XY1), axis off, caxis( color_range ), colormap(jet)
subplot(4,1,3), pcolor(XY2), axis off, caxis( color_range ), colormap(jet)
subplot(4,1,4), pcolor(XY3), axis off, caxis( color_range ), colormap(jet)
set(gcf, 'PaperPosition', [1 1 7 30]);
print(gcf,'-djpeg','-r0','_DLADR_sel-0_BL_pir-0.010000_traffic-0.txt.jpg')
Cycletime: 10000
XY0=[
2361	2951	3256	3327	2524	1773	
3631	4281	4317	3833	3072	1950	
4046	4784	5299	4399	3816	2554	
3969	4872	4995	4554	3588	2217	
3376	4213	4511	4000	3261	2093	
2305	3040	3426	2995	2570	1706	
]

XY1=[
3401	4133	4221	4407	3590	2530	
4176	5386	5125	5103	4194	2896	
4880	6220	6477	5985	4855	3532	
4932	6296	6435	6194	5244	3392	
4303	5260	5575	5034	4540	3175	
3135	3998	4288	3829	3579	2629	
]

XY2=[
3197	4167	4457	4423	3824	2508	
4145	5709	5701	5498	4767	3324	
4986	6435	6774	6323	5347	4060	
4720	6435	6479	6499	5637	3949	
4411	5917	5981	5622	4895	3636	
3153	4314	4849	4385	3878	3037	
]

XY3=[
2536	3537	3911	3966	3422	2263	
3175	4661	4927	5132	4474	3098	
3908	5252	5873	5672	4957	3677	
3912	5217	5563	5789	4888	3525	
3343	4659	4810	4796	4249	3223	
2320	3385	3916	3842	3501	2482	
]

color_range = [0 300000]
figure(1)
subplot(4,1,1), pcolor(XY0), axis off, caxis( color_range ), colormap(jet)
subplot(4,1,2), pcolor(XY1), axis off, caxis( color_range ), colormap(jet)
subplot(4,1,3), pcolor(XY2), axis off, caxis( color_range ), colormap(jet)
subplot(4,1,4), pcolor(XY3), axis off, caxis( color_range ), colormap(jet)
set(gcf, 'PaperPosition', [1 1 7 30]);
print(gcf,'-djpeg','-r0','_DLADR_sel-0_BL_pir-0.010000_traffic-0.txt.jpg')
Cycletime: 10000
XY0=[
2429	3252	3504	2920	2571	1650	
3686	4443	4657	4018	3431	2135	
4089	4913	4929	4332	3481	2244	
3873	4829	4784	4347	3424	2113	
3582	4423	4253	3939	3251	1942	
2293	3043	3145	2974	2333	1598	
]

XY1=[
3270	4269	4436	4099	3542	2226	
4529	5494	6098	5652	4702	3189	
5349	6231	6741	6218	5245	3924	
5224	6300	6685	6094	5055	3657	
4803	5906	6030	5779	4900	3164	
3367	4134	4480	4277	3509	2344	
]

XY2=[
3254	4206	4406	4246	3752	2718	
4401	5873	5879	6100	4903	3598	
5083	6193	6451	6363	5225	4289	
5080	5964	6356	6315	5435	4083	
4501	5427	5655	5604	4989	3429	
3516	4090	4401	4281	3605	2508	
]

XY3=[
2561	3455	3939	3583	3322	2176	
3609	4500	5006	4962	4610	3200	
4302	5403	5967	5827	5272	3623	
4308	5344	5624	5316	5004	3498	
3691	4840	5141	4912	4707	3300	
2386	3328	4011	4004	3523	2343	
]

color_range = [0 300000]
figure(1)
subplot(4,1,1), pcolor(XY0), axis off, caxis( color_range ), colormap(jet)
subplot(4,1,2), pcolor(XY1), axis off, caxis( color_range ), colormap(jet)
subplot(4,1,3), pcolor(XY2), axis off, caxis( color_range ), colormap(jet)
subplot(4,1,4), pcolor(XY3), axis off, caxis( color_range ), colormap(jet)
set(gcf, 'PaperPosition', [1 1 7 30]);
print(gcf,'-djpeg','-r0','_DLADR_sel-0_BL_pir-0.010000_traffic-0.txt.jpg')
Cycletime: 10000
XY0=[
3056	3935	4160	4361	4099	3990	2947	2013	
4338	5544	5766	5629	5448	4781	3566	2344	
5076	6640	6632	6677	6484	5641	4461	2706	
5382	6952	7256	7158	6800	5709	4291	2688	
5448	7050	6904	6709	6641	5729	4457	2864	
5040	6498	6471	6272	6204	4959	3871	2680	
4240	5568	5795	5688	5336	4400	3373	2208	
2688	3727	3997	4120	4208	3640	2840	1944	
]

XY1=[
4248	5053	5800	5832	5321	4992	3688	2824	
5848	6920	7866	7954	7499	6772	5049	3851	
6743	7904	8436	8656	8049	7017	5720	3716	
6925	8099	8899	8825	8395	7719	6040	4198	
7280	7953	8992	8847	8641	7994	6144	4144	
6448	7320	8074	8288	7872	6981	5512	4080	
5592	6749	7520	7488	7078	6136	5008	3248	
3848	5181	5864	5744	5736	5000	3832	2936	
]

XY2=[
4138	4987	6040	6334	5990	5261	4255	3016	
5541	6744	7899	8271	7626	7006	5624	4184	
6176	7784	8952	9816	8980	8203	6729	4858	
6569	8472	9416	10136	9720	8998	7184	5188	
6712	8288	9544	10068	9628	9128	6976	5126	
6288	7627	8561	9122	8846	8104	6616	5048	
5424	6801	7768	8200	7504	6824	5504	3880	
3514	4811	5693	6031	6040	5640	4404	3448	
]

XY3=[
2776	4080	4952	5248	5352	4672	3872	2424	
4287	5696	7009	7152	7303	6864	5854	4096	
5256	6689	7955	8549	8343	7431	6499	4697	
5656	7296	8536	8815	9067	8288	7160	5336	
5400	7152	8552	8757	9040	8450	7228	5418	
4784	6585	7847	8083	8176	7320	6568	4984	
4000	5675	7069	7201	7296	6416	5584	4096	
2576	3965	4959	5280	5256	4664	3872	2856	
]

color_range = [0 300000]
figure(1)
subplot(4,1,1), pcolor(XY0), axis off, caxis( color_range ), colormap(jet)
subplot(4,1,2), pcolor(XY1), axis off, caxis( color_range ), colormap(jet)
subplot(4,1,3), pcolor(XY2), axis off, caxis( color_range ), colormap(jet)
subplot(4,1,4), pcolor(XY3), axis off, caxis( color_range ), colormap(jet)
set(gcf, 'PaperPosition', [1 1 7 30]);
print(gcf,'-djpeg','-r0','_DLADR_sel-0_BL_pir-0.010000_traffic-0.txt.jpg')
Cycletime: 10000
XY0=[
2385	2981	3068	3402	2767	1726	
3615	4197	4432	4097	3259	2031	
4278	4990	4773	4739	3715	2587	
3910	4775	4496	4528	3586	2012	
3521	4327	4293	4029	3137	2139	
2449	3338	3485	3309	2648	1789	
]

XY1=[
3178	4114	4465	4278	3782	2651	
4561	5463	6077	5833	4772	3246	
5165	6186	6365	6149	5104	3714	
4985	6309	6866	6464	5414	3425	
4642	5304	6076	5603	4661	3345	
3491	4133	4559	4168	3749	2501	
]

XY2=[
3135	4209	4556	4725	4084	2923	
4545	5314	5563	5708	4725	3510	
5329	6295	6207	6351	5087	3819	
5099	6169	6491	6307	5287	3749	
4856	5539	5921	5955	4831	3580	
3363	4369	4316	4198	3921	2740	
]

XY3=[
2492	3745	4189	4006	3638	2334	
3612	4686	5404	5323	4591	3036	
4107	5288	6037	6031	5244	3766	
4086	5114	5996	5778	5100	3613	
3810	4794	5506	5318	4489	3259	
2401	3730	3838	3714	3600	2414	
]

color_range = [0 300000]
figure(1)
subplot(4,1,1), pcolor(XY0), axis off, caxis( color_range ), colormap(jet)
subplot(4,1,2), pcolor(XY1), axis off, caxis( color_range ), colormap(jet)
subplot(4,1,3), pcolor(XY2), axis off, caxis( color_range ), colormap(jet)
subplot(4,1,4), pcolor(XY3), axis off, caxis( color_range ), colormap(jet)
set(gcf, 'PaperPosition', [1 1 7 30]);
print(gcf,'-djpeg','-r0','_DLADR_sel-0_BL_pir-0.010000_traffic-0.txt.jpg')
Cycletime: 10000
XY0=[
2350	3081	3236	3358	2757	1754	
3646	4439	4503	4089	3057	2164	
3974	5199	5103	4691	3570	2361	
4007	5000	5353	4674	3796	2295	
3480	4295	4752	4153	3305	2113	
2469	2899	3593	3142	2659	1567	
]

XY1=[
3251	4172	4250	4349	3695	2601	
4571	5644	6069	5559	4573	3317	
5007	6470	6364	5877	4950	3703	
5000	6384	6725	6101	5260	3654	
4405	5646	5960	5275	4469	3425	
3253	4259	4661	4105	3387	2435	
]

XY2=[
3181	4141	4432	4696	3992	2714	
4260	5463	6127	5705	4980	3404	
4902	6264	6911	6589	5617	4191	
4873	6285	6857	6385	5669	3916	
4643	5748	6281	5791	5037	3573	
3270	4423	4833	4809	3844	2827	
]

XY3=[
2327	3282	3766	3956	3329	2096	
3511	4808	5425	5248	4507	3043	
4184	5314	6028	5770	4840	3620	
4172	5317	5973	5724	4859	3550	
3880	5035	5563	5541	4563	3108	
2384	3866	4187	4197	3452	2397	
]

color_range = [0 300000]
figure(1)
subplot(4,1,1), pcolor(XY0), axis off, caxis( color_range ), colormap(jet)
subplot(4,1,2), pcolor(XY1), axis off, caxis( color_range ), colormap(jet)
subplot(4,1,3), pcolor(XY2), axis off, caxis( color_range ), colormap(jet)
subplot(4,1,4), pcolor(XY3), axis off, caxis( color_range ), colormap(jet)
set(gcf, 'PaperPosition', [1 1 7 30]);
print(gcf,'-djpeg','-r0','_DLADR_sel-0_BL_pir-0.010000_traffic-0.txt.jpg')
Cycletime: 10000
XY0=[
2656	3720	4144	4702	4272	3520	2970	2056	
4192	5128	5632	5776	5296	4736	3792	2480	
4960	6088	6432	6776	5870	5345	4240	2640	
5856	6776	7168	7232	6372	5776	4170	2632	
6067	6600	7248	6968	6170	5552	4472	2680	
5565	6079	6608	6271	5645	5275	4017	2656	
4757	5008	5704	5565	4880	4608	3720	2240	
3064	3816	3984	4128	3848	3496	2968	1944	
]

XY1=[
4160	5168	5664	6110	5560	4816	4182	2904	
5442	6804	7646	8104	7424	6498	5576	3722	
6338	7760	8550	9100	8217	7614	6162	4136	
6944	8160	8841	9272	8656	7880	6024	4505	
7001	8344	9080	8968	8520	7674	5840	4208	
6504	8168	8694	8840	8424	7498	5368	4032	
5535	6616	7144	7119	6904	6400	4960	3504	
3736	5120	5264	5552	5432	4984	4256	2904	
]

XY2=[
3806	4808	5576	6129	5608	5165	4313	3176	
5215	6360	7312	7884	7480	6873	5563	4368	
6044	7592	8718	9312	8376	8248	6877	4768	
6504	7913	9216	9664	9167	8784	7015	5096	
6624	8139	9549	9712	9445	8774	7528	5096	
5952	7445	8751	8705	8787	8064	6440	4816	
5482	6529	7701	7662	7649	7232	5856	4256	
3720	5000	5560	5701	5688	5528	4552	2928	
]

XY3=[
2856	4088	5048	5493	5264	4707	3760	2752	
4226	5731	7257	7377	7064	6800	5376	4048	
5489	6952	8308	8592	8296	7792	6303	5064	
6200	7576	9072	9288	9344	8408	6893	5608	
6022	7260	8760	9072	9040	8278	6979	5176	
5504	6842	8240	8520	8506	7816	6321	4712	
4448	5495	6652	6922	6970	6506	5502	3928	
2832	3976	4776	5064	5123	4721	4216	2704	
]

color_range = [0 300000]
figure(1)
subplot(4,1,1), pcolor(XY0), axis off, caxis( color_range ), colormap(jet)
subplot(4,1,2), pcolor(XY1), axis off, caxis( color_range ), colormap(jet)
subplot(4,1,3), pcolor(XY2), axis off, caxis( color_range ), colormap(jet)
subplot(4,1,4), pcolor(XY3), axis off, caxis( color_range ), colormap(jet)
set(gcf, 'PaperPosition', [1 1 7 30]);
print(gcf,'-djpeg','-r0','_DLADR_sel-0_BL_pir-0.010000_traffic-0.txt.jpg')
Cycletime: 10000
XY0=[
2880	3528	4192	4400	4056	3832	2968	1864	
4413	5357	5988	5774	5479	4698	3640	2280	
5008	6168	6637	6519	5927	5040	4208	2585	
5488	6921	7288	6872	6304	5319	4542	2710	
5824	7273	7312	6950	6488	5600	4440	2584	
5224	6611	6965	6516	5992	5072	4016	2478	
4408	5280	5640	5568	5399	4632	3616	2248	
2703	3392	3872	4080	4008	3456	2688	1936	
]

XY1=[
3976	4921	5344	5736	5272	5288	4480	2913	
5481	6784	7202	7105	6655	6176	5232	3168	
6051	7797	8570	8652	7856	7232	6208	3936	
6485	8313	9214	9315	8370	7785	6440	4136	
6567	8200	9233	9356	8253	7739	6768	4264	
6048	7657	8520	8650	8024	7152	6000	4224	
5224	6656	7160	7546	6880	6376	5080	3776	
3608	4680	4944	5711	5544	5096	3944	2792	
]

XY2=[
3984	5334	5944	6096	5736	5584	4776	3080	
5560	7176	7724	8038	7648	7130	5901	3967	
6241	7958	9019	9412	8394	8218	6768	4832	
6469	8232	9407	10279	9288	8707	7320	5280	
6296	8176	8940	9788	9567	8854	7488	5296	
6176	7736	8509	9134	8976	8028	6584	5032	
5302	6884	7498	7588	7393	6861	5624	4088	
3752	5096	5800	5950	5829	5446	4377	2992	
]

XY3=[
2912	4348	5208	5208	5216	4680	3913	2696	
4360	6120	6992	6904	7136	6792	5531	3856	
5336	7528	8248	8122	7732	7654	6213	4520	
5764	7816	8358	8756	8706	8546	7103	5160	
5395	7765	8695	8577	8840	8452	7200	5128	
5136	7392	8272	7904	8024	7710	6368	4858	
3946	5884	7014	7026	6794	6847	5568	3816	
2733	4184	5304	5244	5366	5093	4017	2704	
]

color_range = [0 300000]
figure(1)
subplot(4,1,1), pcolor(XY0), axis off, caxis( color_range ), colormap(jet)
subplot(4,1,2), pcolor(XY1), axis off, caxis( color_range ), colormap(jet)
subplot(4,1,3), pcolor(XY2), axis off, caxis( color_range ), colormap(jet)
subplot(4,1,4), pcolor(XY3), axis off, caxis( color_range ), colormap(jet)
set(gcf, 'PaperPosition', [1 1 7 30]);
print(gcf,'-djpeg','-r0','_DLADR_sel-0_BL_pir-0.010000_traffic-0.txt.jpg')
Cycletime: 10000
XY0=[
1882	2634	2681	1934	
2191	2815	2807	1711	
]

XY1=[
2512	3458	3196	2423	
2741	3498	3434	2365	
]

XY2=[
2758	3607	3695	2798	
2860	3651	3593	2741	
]

XY3=[
2209	3200	3170	2291	
2217	3094	3031	2108	
]

color_range = [0 300000]
figure(1)
subplot(4,1,1), pcolor(XY0), axis off, caxis( color_range ), colormap(jet)
subplot(4,1,2), pcolor(XY1), axis off, caxis( color_range ), colormap(jet)
subplot(4,1,3), pcolor(XY2), axis off, caxis( color_range ), colormap(jet)
subplot(4,1,4), pcolor(XY3), axis off, caxis( color_range ), colormap(jet)
set(gcf, 'PaperPosition', [1 1 7 30]);
print(gcf,'-djpeg','-r0','_DLADR_sel-0_BL_pir-0.010000_traffic-0.txt.jpg')
Cycletime: 10000
XY0=[
2664	3274	4024	4288	4080	3824	2920	1896	
4240	5400	5952	6008	5264	4576	3472	2376	
4728	5961	6536	6400	5704	5328	4088	2680	
5560	6794	7108	6942	5912	5296	4296	2600	
5657	6864	7168	6808	5992	5320	4232	2744	
5019	5968	6513	6491	6000	4936	3832	2464	
4013	4775	5340	5256	5040	4433	3396	2346	
2935	3856	4531	4592	4360	3824	3024	1904	
]

XY1=[
3656	4711	5624	5744	5408	4896	4096	2684	
5576	7293	7760	7792	7568	6544	5201	3774	
6344	8118	9001	8832	8761	7328	5944	4296	
7016	8803	9648	9120	8968	7464	6159	4384	
6944	9169	9990	9392	9208	7693	6165	4699	
6632	8169	8824	8864	8731	7539	5888	4256	
5352	6633	7181	7184	7125	6328	5071	3749	
3736	4811	5525	5695	5680	5288	4256	2793	
]

XY2=[
3608	4728	5512	5968	5608	5009	4304	2954	
5144	7008	7336	7910	7280	6603	5448	4048	
6328	8072	8945	9297	8579	8029	6512	4888	
6680	8281	9536	9576	9156	8359	7272	5198	
6536	8824	9777	9608	9439	8576	7216	5309	
6244	8159	9011	9208	8656	8120	6560	4664	
5262	6848	7796	7792	7602	6856	5472	4072	
3840	4816	6021	6452	6386	5864	4688	3184	
]

XY3=[
2592	3736	4912	5320	5272	4944	4128	2936	
4280	5952	6864	7320	6832	6512	5384	3880	
5318	6584	7944	8427	7808	7608	6248	4688	
5940	7067	8576	9269	8725	7995	6896	5032	
5626	7341	8741	9087	8696	8208	7021	5064	
5384	6940	7841	8825	8462	7576	6507	4891	
4432	5792	6888	7392	7300	6672	5601	4152	
2936	3992	4976	5560	5624	5224	4168	2752	
]

color_range = [0 300000]
figure(1)
subplot(4,1,1), pcolor(XY0), axis off, caxis( color_range ), colormap(jet)
subplot(4,1,2), pcolor(XY1), axis off, caxis( color_range ), colormap(jet)
subplot(4,1,3), pcolor(XY2), axis off, caxis( color_range ), colormap(jet)
subplot(4,1,4), pcolor(XY3), axis off, caxis( color_range ), colormap(jet)
set(gcf, 'PaperPosition', [1 1 7 30]);
print(gcf,'-djpeg','-r0','_DLADR_sel-0_BL_pir-0.010000_traffic-0.txt.jpg')
Cycletime: 10000
XY0=[
2784	3904	4096	4056	4064	3632	2924	2026	
4400	5488	5818	5876	5286	4673	3651	2080	
5117	6396	6493	6568	5856	5256	3985	2520	
5580	6416	7344	7051	6440	5434	4328	2512	
5731	6712	7479	6781	6096	5080	4184	2344	
5467	6160	7216	6832	6092	4838	4056	2424	
4544	5192	6106	5912	5408	4766	3528	2264	
2920	3440	3992	4238	4172	3712	2984	1960	
]

XY1=[
3800	5072	5328	5464	5079	4544	3648	2552	
5568	6728	7383	7356	6861	5800	5144	3344	
6024	7736	8480	8582	7880	7152	5643	4024	
6784	8112	9256	9400	8872	7900	6318	4320	
6736	8258	9208	9008	8274	7514	6184	4352	
6346	7404	8830	8640	7744	7040	5904	4132	
5320	6425	7464	7406	6848	6428	4936	3336	
3728	4629	5152	5420	5214	4800	4056	2920	
]

XY2=[
3448	5296	5768	5976	5752	5264	4374	2960	
5317	6926	7565	7720	7443	6593	5784	4040	
6035	8064	8977	9179	8783	8231	6573	4900	
7161	8528	9232	9799	9365	8715	7054	5365	
6824	8584	9256	9600	9144	8458	6848	5192	
6456	7568	8960	8944	8405	7826	6304	4938	
5351	6513	7595	7584	7584	6789	5448	4104	
3696	5000	5393	5970	5952	5464	4344	3216	
]

XY3=[
2672	4464	5392	5584	5552	5296	4216	2784	
4168	5997	6955	7520	7432	6704	5712	3880	
5008	7000	7896	8312	7960	7496	6208	4515	
5294	7328	8272	8904	8576	8416	6528	4949	
5408	7436	8512	8674	8720	8248	6648	5287	
4688	6384	7888	8372	7907	7682	6092	4814	
4064	5704	6626	7132	7120	6552	5256	4232	
2616	3896	4568	5128	5304	4792	3960	2776	
]

color_range = [0 300000]
figure(1)
subplot(4,1,1), pcolor(XY0), axis off, caxis( color_range ), colormap(jet)
subplot(4,1,2), pcolor(XY1), axis off, caxis( color_range ), colormap(jet)
subplot(4,1,3), pcolor(XY2), axis off, caxis( color_range ), colormap(jet)
subplot(4,1,4), pcolor(XY3), axis off, caxis( color_range ), colormap(jet)
set(gcf, 'PaperPosition', [1 1 7 30]);
print(gcf,'-djpeg','-r0','_DLADR_sel-0_BL_pir-0.010000_traffic-0.txt.jpg')
Cycletime: 10000
XY0=[
2648	3480	4232	4072	3888	3584	3144	2008	
4150	5416	5766	5744	5192	4560	3720	2328	
5000	6027	6248	6368	5892	5072	4136	2400	
5344	6640	6958	6768	6490	5280	4160	2608	
5576	6497	6888	6752	6504	5544	4264	2680	
5240	6432	6528	6360	5944	5264	3776	2690	
4200	5239	5232	5224	5120	4384	3384	2248	
2864	3629	4208	4104	3968	3632	2920	1872	
]

XY1=[
3824	4632	5568	5624	5352	4984	4136	2752	
5576	6920	7640	7648	7000	6376	5177	3624	
6152	7669	8336	8632	7928	7088	5706	3720	
6768	8863	9420	8880	8858	8000	6355	4196	
7072	8401	9336	9096	8978	7880	6215	4266	
6400	7691	8557	8479	8240	7416	6056	4076	
5128	6432	7104	7372	7032	6164	5184	3406	
3920	4859	5792	5958	5648	5096	4322	2912	
]

XY2=[
3768	4536	5680	5965	5856	5576	4624	2976	
5336	6732	7587	7752	7568	6808	5488	3928	
6050	7996	8750	9161	9128	7953	6384	4280	
6576	8489	9321	9317	9846	8624	6920	4840	
6784	8592	9921	10043	10127	9152	7260	4980	
6144	7408	8640	8771	8441	7847	6188	4472	
5239	6504	7600	7411	7402	7010	5718	3888	
3848	4897	5552	5856	5744	5176	4192	3064	
]

XY3=[
3064	3896	4880	5352	5200	4944	3984	2624	
4656	5917	6968	7192	7176	6736	5624	4080	
5392	6839	8176	8448	8604	7725	6392	4920	
5736	7384	8864	8800	9222	8304	6672	5096	
5980	7375	8807	8936	9544	8416	6568	5056	
5632	6944	8575	8677	8747	7737	6040	4632	
4445	5664	6704	7007	7285	6411	5329	3776	
3152	4432	5120	5416	5616	4960	4056	2632	
]

color_range = [0 300000]
figure(1)
subplot(4,1,1), pcolor(XY0), axis off, caxis( color_range ), colormap(jet)
subplot(4,1,2), pcolor(XY1), axis off, caxis( color_range ), colormap(jet)
subplot(4,1,3), pcolor(XY2), axis off, caxis( color_range ), colormap(jet)
subplot(4,1,4), pcolor(XY3), axis off, caxis( color_range ), colormap(jet)
set(gcf, 'PaperPosition', [1 1 7 30]);
print(gcf,'-djpeg','-r0','_DLADR_sel-0_BL_pir-0.010000_traffic-0.txt.jpg')
Cycletime: 10000
XY0=[
2936	4000	4262	4544	4112	3680	3056	2192	
4458	5672	6036	6056	5392	4632	3608	2440	
5360	6504	6938	6872	6198	5368	4049	2576	
5840	6623	7035	7045	6299	5344	4112	2744	
5888	6619	7406	7017	6304	5400	4440	2928	
5248	6401	6699	6789	5823	5120	4320	2680	
4600	5428	5440	5750	4836	4570	3800	2200	
3088	3879	4205	4357	4211	3613	2904	1944	
]

XY1=[
3862	5064	5288	5437	5200	4776	4216	2928	
5332	6784	7472	7464	7232	6320	5263	3648	
6176	7800	8792	8656	8308	7128	5921	4019	
6785	8128	9008	8920	8464	7497	5998	4440	
6585	8071	9219	9040	8648	7715	5928	4285	
6282	8145	8704	8872	8511	7621	6136	4264	
5423	6943	7328	7509	7184	6536	5328	3544	
3888	4985	5488	5716	5536	5040	4136	2872	
]

XY2=[
4016	5056	5832	5924	5800	5488	4760	3336	
5224	6935	8098	7961	7250	6498	5615	4094	
6248	8093	9256	9368	8806	8072	6375	4626	
6720	8267	9288	9747	9484	8647	7063	5460	
6392	8155	9298	9510	8864	8256	6835	5383	
6137	8032	8923	9504	8704	7952	6345	4700	
5376	6728	7342	7888	7384	7096	5911	4112	
4048	5136	5599	6073	5690	5244	4141	2960	
]

XY3=[
2992	4192	4800	5403	5448	4720	4000	2560	
4000	5799	6224	6848	6872	6344	5704	4000	
4976	7035	7664	8280	8184	7632	6720	4784	
5591	7389	8386	9584	9296	8400	7440	5336	
5383	7200	8536	9424	8984	8310	7052	5064	
5176	6880	7856	8560	8073	7315	6474	4458	
4488	5736	6592	7010	7096	6272	5592	3912	
3280	4272	4952	5220	5430	4720	3848	2672	
]

color_range = [0 300000]
figure(1)
subplot(4,1,1), pcolor(XY0), axis off, caxis( color_range ), colormap(jet)
subplot(4,1,2), pcolor(XY1), axis off, caxis( color_range ), colormap(jet)
subplot(4,1,3), pcolor(XY2), axis off, caxis( color_range ), colormap(jet)
subplot(4,1,4), pcolor(XY3), axis off, caxis( color_range ), colormap(jet)
set(gcf, 'PaperPosition', [1 1 7 30]);
print(gcf,'-djpeg','-r0','_DLADR_sel-0_BL_pir-0.010000_traffic-0.txt.jpg')
Cycletime: 10000
XY0=[
2744	3560	3880	4168	3928	3376	2866	1969	
4300	5500	5740	5576	4896	4547	3448	2320	
5176	6032	6528	6344	5753	5252	4189	2495	
5549	6587	6752	6856	6008	5344	4136	2632	
5838	6769	7080	7164	6632	5350	4224	2560	
4808	5984	6404	6466	6360	5432	4440	2456	
4226	5400	5432	5504	5008	4422	3584	2048	
2752	3888	4088	4153	3875	3536	2929	1816	
]

XY1=[
3824	4800	5472	5824	5680	5112	4328	2985	
4944	6505	7352	7349	6859	6474	5120	3772	
6224	7681	8392	8757	8222	7332	6022	4282	
6696	8281	8856	9391	8864	7800	6408	4576	
7192	8609	9264	9392	8616	7577	6176	4296	
6248	7744	8338	8523	8328	7386	5839	4032	
5112	6837	7596	7600	7072	6468	5208	3504	
3544	4984	5264	5800	5384	4824	4256	2904	
]

XY2=[
4024	5128	5808	6323	6225	5629	4520	3077	
5131	6536	7824	7786	7228	6557	5504	4430	
6189	7968	9064	8904	8473	7352	6544	4788	
6334	8128	9229	9761	9224	8168	7488	5594	
6977	8536	9515	10056	9216	8072	6857	5264	
6557	7824	8759	9339	9048	7616	6499	4880	
5184	6592	7320	7993	7416	6472	5789	4088	
3600	5008	5520	6248	5778	5240	4415	3112	
]

XY3=[
2944	3984	4868	5562	5272	5062	3964	2425	
4456	5229	6573	7091	6737	6384	5200	4088	
5352	6427	7977	8676	8255	7674	6052	4656	
5678	7121	8541	9324	8707	8249	6712	5160	
6122	7522	9004	9604	8712	8176	6712	4776	
5156	6537	8115	8689	8747	7873	6520	4568	
4152	5416	6930	7460	7308	6512	5536	3760	
2848	3928	4816	5384	5348	5096	4008	2728	
]

color_range = [0 300000]
figure(1)
subplot(4,1,1), pcolor(XY0), axis off, caxis( color_range ), colormap(jet)
subplot(4,1,2), pcolor(XY1), axis off, caxis( color_range ), colormap(jet)
subplot(4,1,3), pcolor(XY2), axis off, caxis( color_range ), colormap(jet)
subplot(4,1,4), pcolor(XY3), axis off, caxis( color_range ), colormap(jet)
set(gcf, 'PaperPosition', [1 1 7 30]);
print(gcf,'-djpeg','-r0','_DLADR_sel-0_BL_pir-0.010000_traffic-0.txt.jpg')
Cycletime: 10000
XY0=[
2326	2939	2930	1915	
2149	2794	2785	1648	
]

XY1=[
3203	3707	3793	2666	
3018	3613	3703	2504	
]

XY2=[
3113	3698	3865	2916	
3125	3531	3672	2613	
]

XY3=[
2199	2807	2899	2355	
2403	2922	2918	2191	
]

color_range = [0 300000]
figure(1)
subplot(4,1,1), pcolor(XY0), axis off, caxis( color_range ), colormap(jet)
subplot(4,1,2), pcolor(XY1), axis off, caxis( color_range ), colormap(jet)
subplot(4,1,3), pcolor(XY2), axis off, caxis( color_range ), colormap(jet)
subplot(4,1,4), pcolor(XY3), axis off, caxis( color_range ), colormap(jet)
set(gcf, 'PaperPosition', [1 1 7 30]);
print(gcf,'-djpeg','-r0','_DLADR_sel-0_BL_pir-0.010000_traffic-0.txt.jpg')
Cycletime: 10000
XY0=[
2370	2941	3567	3753	3687	3360	2673	1637	
3924	4790	5174	5403	4996	4450	3421	2029	
4836	5630	5781	6001	5440	4632	3424	2271	
4766	5637	5786	5992	5606	4817	3672	2511	
4858	6036	6499	6074	5602	4785	3527	2315	
4291	5512	5914	5953	5409	4624	3383	2320	
3780	4934	5072	5601	4835	4130	2912	2028	
2427	3155	3710	4031	3804	3129	2458	1708	
]

XY1=[
3610	4237	4800	4821	4789	4157	3301	2247	
4826	5819	6189	6242	5898	5196	4550	2840	
5783	6923	7296	7997	7205	6259	5074	3290	
5875	7174	7692	8670	7432	6888	5650	3568	
6151	6959	7884	8449	7450	6916	5457	3652	
5969	6743	7546	8211	7105	6452	5249	3300	
4890	5736	6251	7228	6400	5672	4340	3187	
3330	4059	4627	4979	4986	4166	3396	2434	
]

XY2=[
3258	4248	4800	4938	5087	4572	3868	2678	
4739	6094	6606	6857	6312	5748	5169	3516	
5192	7039	7656	8442	7977	7230	5931	4341	
5405	7641	8247	8875	8582	7706	6583	4693	
5552	7222	8228	8609	8472	7395	6171	4467	
5449	6622	7624	7978	7846	6858	5713	4028	
4496	5546	6501	6853	6819	6029	4951	3565	
3080	4161	4737	4994	5224	4852	3809	2693	
]

XY3=[
2649	3796	4658	4859	4952	4754	3917	2523	
3700	4810	5652	6325	6015	5646	4825	3256	
4740	5989	7131	7782	7559	7045	5703	4091	
4917	6020	7186	8272	7810	7147	5984	4435	
5040	6070	7470	8267	8033	7318	6088	4554	
4831	5827	6859	7652	7481	6813	5652	4117	
4075	4689	5664	6362	6517	5800	4744	3165	
2727	3845	4575	4711	4932	4600	3648	2257	
]

color_range = [0 300000]
figure(1)
subplot(4,1,1), pcolor(XY0), axis off, caxis( color_range ), colormap(jet)
subplot(4,1,2), pcolor(XY1), axis off, caxis( color_range ), colormap(jet)
subplot(4,1,3), pcolor(XY2), axis off, caxis( color_range ), colormap(jet)
subplot(4,1,4), pcolor(XY3), axis off, caxis( color_range ), colormap(jet)
set(gcf, 'PaperPosition', [1 1 7 30]);
print(gcf,'-djpeg','-r0','_DLADR_sel-0_BL_pir-0.010000_traffic-0.txt.jpg')
Cycletime: 10000
XY0=[
2570	3339	3869	3915	3793	3263	2594	1774	
3811	4686	5258	4987	4608	3941	3336	1968	
4864	5367	6313	5718	5262	4823	3751	2358	
5310	6034	6352	5832	5461	4684	3710	2160	
4973	5941	6128	6226	5670	4553	3706	2251	
4576	5467	5864	5789	5544	4341	3477	2206	
3651	4726	5297	4913	4899	3979	3474	2168	
2405	3094	3776	3762	3682	3125	2666	1570	
]

XY1=[
3459	4449	4966	5217	5199	4438	3703	2402	
4551	6279	6693	6490	6185	5648	4647	2956	
5462	6891	7725	7443	6689	6143	4911	3473	
5730	7405	8055	7823	7092	6308	5069	3563	
5583	7380	7840	7842	7315	6823	5511	3999	
5279	6833	7184	7399	6968	6093	4908	3551	
4492	5976	6369	6515	6139	5241	4451	3169	
3351	4456	4779	5139	4774	4348	3664	2378	
]

XY2=[
3066	3959	4667	5070	5226	4553	4121	2676	
4149	5927	6770	6701	6752	6164	5449	3575	
4960	6645	7724	7899	7889	6982	6136	4288	
5508	7389	8464	8790	8552	7166	6506	4427	
5611	7387	8343	8673	8533	7514	6816	4675	
5368	6767	7838	8205	8088	6707	5738	4147	
4723	6012	6790	6685	6734	5703	5079	3455	
3366	4528	5121	5229	5239	4786	3990	2583	
]

XY3=[
2560	3401	4174	4382	4631	4031	3161	2126	
3698	4831	5927	6099	6109	5561	4745	3152	
4452	5777	6911	7115	7055	6448	5578	3938	
4837	6353	7555	7609	7735	7008	6129	4198	
4825	6392	7628	7918	7923	7135	6082	4318	
4486	6071	7358	7788	7789	6533	5534	3950	
3934	4945	5812	6159	5791	5189	4395	3115	
2493	3330	4371	4432	4392	4095	3523	2185	
]

color_range = [0 300000]
figure(1)
subplot(4,1,1), pcolor(XY0), axis off, caxis( color_range ), colormap(jet)
subplot(4,1,2), pcolor(XY1), axis off, caxis( color_range ), colormap(jet)
subplot(4,1,3), pcolor(XY2), axis off, caxis( color_range ), colormap(jet)
subplot(4,1,4), pcolor(XY3), axis off, caxis( color_range ), colormap(jet)
set(gcf, 'PaperPosition', [1 1 7 30]);
print(gcf,'-djpeg','-r0','_DLADR_sel-0_BL_pir-0.010000_traffic-0.txt.jpg')
Cycletime: 10000
XY0=[
2760	3904	4603	4312	4293	3768	3096	1912	
4296	5624	5933	5808	5695	4783	3768	2304	
5120	6416	6759	6520	6160	5269	4208	2704	
5648	6824	7200	6901	6668	5525	4528	2848	
5608	6688	7136	6786	6456	5449	4384	2800	
4896	6496	7080	6277	6112	5048	4032	2568	
4224	5240	5800	5367	5104	4352	3648	2080	
2680	3496	4072	4168	3840	3376	2848	1728	
]

XY1=[
3864	5120	5872	5632	5387	4948	4186	2764	
5152	7255	7816	7783	7512	6520	5537	3730	
5808	7877	8288	8541	7768	7244	5835	4072	
6664	8600	9112	9157	8874	7773	6317	4304	
6752	8456	8840	9007	8624	7813	6247	4456	
6120	8000	8408	8653	8560	7612	5920	4319	
5272	6722	7140	7401	6740	6126	5152	3560	
3738	4781	5360	5400	5016	4824	4072	2936	
]

XY2=[
3706	5056	5998	5832	5736	5000	4294	3072	
5064	7096	8012	7904	7528	6896	6208	4446	
5952	7739	9042	9416	8846	8120	6712	4840	
6536	8328	9544	9578	9124	8168	6928	5264	
6776	8415	9742	9712	9954	8716	7088	5296	
6488	8169	9235	8979	9037	7603	6251	4557	
5360	6712	7598	7592	7368	6871	5648	3728	
3841	5019	5898	6152	5824	5369	4547	3184	
]

XY3=[
2892	4160	5088	5600	5624	4906	3876	2576	
4201	5816	6904	7152	7280	6520	5672	4080	
5337	6952	8488	8624	8674	7675	6480	4880	
5520	7322	8912	9352	9282	8288	7024	5672	
5472	7112	8712	9082	9254	8342	6984	5424	
4912	6766	8269	8632	8886	7686	6535	4976	
4296	5791	7153	7344	7328	6428	5547	4168	
2896	4184	5435	5512	5456	5101	4365	3040	
]

color_range = [0 300000]
figure(1)
subplot(4,1,1), pcolor(XY0), axis off, caxis( color_range ), colormap(jet)
subplot(4,1,2), pcolor(XY1), axis off, caxis( color_range ), colormap(jet)
subplot(4,1,3), pcolor(XY2), axis off, caxis( color_range ), colormap(jet)
subplot(4,1,4), pcolor(XY3), axis off, caxis( color_range ), colormap(jet)
set(gcf, 'PaperPosition', [1 1 7 30]);
print(gcf,'-djpeg','-r0','_DLADR_sel-0_BL_pir-0.010000_traffic-0.txt.jpg')
Cycletime: 10000
XY0=[
3024	3392	3976	3864	3976	3528	2864	1912	
4544	5136	5448	5736	5536	4712	3512	2176	
5690	5972	6246	6590	6256	4896	3904	2410	
5936	6240	6536	7024	6705	5320	3904	2400	
5858	6608	6696	6878	6256	5128	4045	2568	
5459	6224	6512	6424	6088	5272	3736	2176	
4587	5392	5792	5624	5040	4536	3248	1976	
3056	3880	4288	4444	4284	3880	2984	2016	
]

XY1=[
3998	4832	5331	5376	5393	4908	3718	2656	
5765	6919	7049	7473	7056	6466	4824	3680	
6483	8074	8566	8691	8552	7462	5764	4016	
6808	8324	8784	9173	8616	7992	5824	4400	
6983	8334	8920	9199	8379	7440	6095	4040	
6765	7792	8832	8776	8304	7856	5721	4064	
5582	7008	7674	7584	7280	6856	5168	3528	
3824	4864	5408	5488	5144	4840	4112	2856	
]

XY2=[
4084	4768	5512	5488	5715	5072	3960	3001	
5712	6712	7696	8080	7950	7580	5808	4465	
6657	7957	9140	9558	9072	7882	6672	4744	
7072	8152	9120	9880	9239	8333	6814	4992	
7168	8584	9619	10177	9696	8784	7203	4904	
6696	7832	8708	8979	8820	8047	6463	4696	
5721	7104	7620	7903	7941	7131	5777	4320	
4221	5107	5785	6256	5728	5240	4488	3288	
]

XY3=[
2948	4016	4816	4984	5205	4820	3954	2816	
4403	5763	6616	7136	7063	6680	5504	4128	
5077	6945	7786	8408	8544	7856	6600	4936	
5688	7262	8372	9463	9253	8348	7120	5328	
5636	7393	8495	9432	9016	8460	7072	5112	
5143	6481	7363	8168	8312	7893	6407	5032	
4495	6062	6692	7300	7219	6777	5472	4128	
2968	4088	4816	5024	5210	4974	4084	2898	
]

color_range = [0 300000]
figure(1)
subplot(4,1,1), pcolor(XY0), axis off, caxis( color_range ), colormap(jet)
subplot(4,1,2), pcolor(XY1), axis off, caxis( color_range ), colormap(jet)
subplot(4,1,3), pcolor(XY2), axis off, caxis( color_range ), colormap(jet)
subplot(4,1,4), pcolor(XY3), axis off, caxis( color_range ), colormap(jet)
set(gcf, 'PaperPosition', [1 1 7 30]);
print(gcf,'-djpeg','-r0','_DLADR_sel-0_BL_pir-0.010000_traffic-0.txt.jpg')
Cycletime: 10000
XY0=[
2345	3303	3864	4006	3777	3357	2773	1738	
3833	4583	4968	5016	4452	3963	3162	2097	
4518	5490	6003	5912	5210	4789	3563	2205	
4856	5919	6214	5956	5416	4953	3927	2373	
4979	6064	6097	5839	5463	4621	3635	2321	
4529	5593	5880	6045	5339	4722	3561	2277	
3801	4578	4837	4873	4656	4238	3189	2256	
2677	3278	3663	3799	3518	3092	2361	1616	
]

XY1=[
3200	4141	4706	4922	4765	4155	3550	2389	
5019	5931	6595	6428	6027	5419	4440	3250	
5613	7291	7912	7967	7135	6691	5043	3407	
5670	7428	8026	8351	7286	6931	5787	3857	
5788	7491	8054	8349	7235	6813	5364	3787	
5548	6833	7580	8027	7083	6427	4991	3708	
4359	5570	6363	6582	6035	5819	4324	3243	
3198	4104	4913	4979	4821	4490	3651	2471	
]

XY2=[
3341	4209	5015	5593	5279	4560	4006	2552	
4707	6004	6739	7305	6793	6383	5050	3834	
5201	7376	7946	8151	7446	7291	5643	4148	
5415	7652	8510	8923	7975	7815	6659	4605	
5696	7675	8697	9069	8380	7848	6178	4461	
5015	6699	7491	7912	7420	7032	5881	4069	
4501	6065	6880	6919	6679	6425	5110	3883	
3174	4168	5044	5380	5010	4787	3976	2662	
]

XY3=[
2500	3514	4269	4663	4969	4413	3649	2538	
3566	5163	5944	6259	6203	5896	4481	3341	
4123	5942	6720	7261	7113	7121	5672	3879	
4665	6590	7419	8288	7760	7635	6338	4398	
4727	6569	7990	8418	7856	7699	6274	4318	
4420	6028	6835	7208	7046	7064	6111	4198	
3711	4938	5738	6188	6266	6004	4754	3409	
2566	3560	4368	4758	4689	4656	3501	2306	
]

color_range = [0 300000]
figure(1)
subplot(4,1,1), pcolor(XY0), axis off, caxis( color_range ), colormap(jet)
subplot(4,1,2), pcolor(XY1), axis off, caxis( color_range ), colormap(jet)
subplot(4,1,3), pcolor(XY2), axis off, caxis( color_range ), colormap(jet)
subplot(4,1,4), pcolor(XY3), axis off, caxis( color_range ), colormap(jet)
set(gcf, 'PaperPosition', [1 1 7 30]);
print(gcf,'-djpeg','-r0','_DLADR_sel-0_BL_pir-0.010000_traffic-0.txt.jpg')
Cycletime: 10000
XY0=[
2471	3368	3920	4304	4092	4126	3979	3538	3255	2714	2374	1298	
3839	4961	5357	5552	5765	5405	5555	5096	4567	3958	3017	1728	
4603	5883	6250	6543	6731	6569	6266	5689	4984	4277	3442	1952	
5549	6800	6993	7473	7230	7198	6704	6308	5481	4458	3646	2014	
5941	7021	7581	8212	7973	8051	7616	6876	6006	5057	3785	2475	
6072	7218	7798	8380	8037	8378	7785	7249	6335	5135	4037	2388	
6134	7690	8242	8475	8393	8380	7725	7126	6088	5059	3879	2159	
6011	7096	7899	8307	8030	7847	7431	6709	5923	5163	4037	2275	
5649	6780	7554	7542	7360	7254	6890	6442	5431	4714	3822	2004	
4881	6163	6945	7153	7007	6918	6363	6272	5266	4573	3705	2303	
3701	4840	5651	5790	5564	5614	5335	5312	4714	4013	3201	1738	
2305	3030	3884	4142	4235	4498	4105	4063	3704	3193	2232	1426	
]

XY1=[
3409	4478	5295	5899	5926	6189	6001	5595	5434	4643	3665	2414	
5090	6433	7230	7704	8033	7918	7783	7239	6499	5713	4493	2993	
6093	7304	8419	9135	9303	8967	8615	8139	7150	6306	4807	3453	
6943	8418	9217	9966	10286	10107	9321	9014	8061	7093	5647	4036	
7498	8875	9900	10778	10861	10340	10100	9474	8622	7453	5859	4282	
7560	9023	10005	11165	11000	10947	10465	9805	9009	7714	6059	4560	
7455	9016	10316	11061	11056	11185	10679	10005	8893	7886	6055	4503	
7348	8723	9938	10797	10745	10824	10378	9230	8528	7614	5996	4378	
6927	8251	9449	10303	10466	10361	9710	9471	8244	7175	5854	4153	
6499	7538	8457	9155	9774	9651	8792	8636	7423	6417	5415	3941	
5245	6333	7323	7934	7921	7864	7168	7335	6480	5551	4634	3076	
3427	4354	5066	5443	5742	6125	5916	5963	4946	4456	3551	2426	
]

XY2=[
3450	4476	5546	5992	5885	6165	6289	6148	5877	5028	4020	2713	
4759	5954	7407	7907	8216	8286	8271	7767	7169	6520	5422	3522	
6093	7161	8929	9564	9598	9733	9786	9403	8646	7256	6212	4126	
6671	7955	9451	10835	10615	11188	10873	10455	9481	8414	6864	4546	
7271	8736	10464	11705	11696	12049	11606	11330	10269	9119	7457	5299	
7256	9220	10433	11854	11851	12794	12318	11818	10478	8991	7608	5297	
7238	9419	10901	11965	12195	12563	12211	11703	10388	8684	7498	5309	
6946	8729	9758	10614	11469	11511	11351	11042	9873	8500	7197	5040	
6468	8494	9825	10618	11182	11004	10670	10587	9204	8030	6612	4595	
6010	7698	8953	9441	10292	9803	9710	9285	8319	7063	6064	4311	
4640	6431	7073	7555	8284	8034	7914	7768	7218	6184	5003	3359	
3407	4779	5368	5914	6405	6615	6326	6277	5708	4840	3860	2516	
]

XY3=[
2575	3865	4723	5537	5729	6063	6141	6059	5814	4792	3692	2495	
3724	5336	6144	7529	8057	8391	8138	7753	7285	6346	5161	3715	
4896	6740	7668	9207	9338	9689	9613	9335	8454	7397	6309	4587	
5569	7654	8730	10299	10348	10859	10872	10178	9218	8267	7018	5195	
6099	7750	9087	10691	11246	11501	11334	11058	9971	8571	7372	5686	
6402	8513	10048	11745	12260	12538	11914	11628	10574	9367	7819	5949	
6342	8350	9855	11174	12056	12338	11688	11547	10719	9322	7776	5893	
6248	8023	9466	10843	11878	12541	11767	11462	10655	9378	7226	5461	
5717	7465	8704	9636	10416	11014	10243	10059	9307	8220	6615	4997	
5035	6790	7887	8693	9596	9957	9877	9442	8857	7654	6215	4548	
3917	5991	6726	7366	7994	8521	8342	8267	7665	6504	5031	3480	
2601	3944	4774	5554	6215	6547	6407	6377	5740	4857	3702	2418	
]

color_range = [0 300000]
figure(1)
subplot(4,1,1), pcolor(XY0), axis off, caxis( color_range ), colormap(jet)
subplot(4,1,2), pcolor(XY1), axis off, caxis( color_range ), colormap(jet)
subplot(4,1,3), pcolor(XY2), axis off, caxis( color_range ), colormap(jet)
subplot(4,1,4), pcolor(XY3), axis off, caxis( color_range ), colormap(jet)
set(gcf, 'PaperPosition', [1 1 7 30]);
print(gcf,'-djpeg','-r0','_DLADR_sel-0_BL_pir-0.010000_traffic-0.txt.jpg')
Cycletime: 10000
XY0=[
2648	3664	4066	4016	4008	3552	2968	1832	
4065	5088	5832	5784	5416	4656	3792	2024	
5120	6024	6944	6824	6336	5160	4211	2608	
5640	6597	7555	7376	6672	5792	4312	2672	
5616	6632	7520	7345	6648	5561	4545	2837	
5240	6312	6824	6839	6032	5328	4360	2616	
4448	5648	6080	5813	4912	4536	3456	2240	
2688	3736	4200	4527	4181	3554	3000	1944	
]

XY1=[
3720	4768	5700	5760	5544	5021	4168	2792	
5403	6816	7262	7457	7072	6090	5160	3400	
6336	7704	8442	8798	8542	7348	6265	4216	
6352	7672	8664	8677	8296	7446	6192	4496	
6328	7873	8892	8846	8711	7568	6376	4456	
6168	7352	7976	8711	8152	7336	6088	4072	
5458	6480	7176	7320	6872	6184	4968	3472	
3896	4960	5000	5184	5184	4751	3952	2728	
]

XY2=[
3512	4889	5551	5840	5800	5311	4264	2976	
5021	6888	7286	7979	7636	6752	5824	4088	
5976	8024	8918	9380	9010	7944	6784	4784	
6528	8658	9222	9848	9312	8528	7010	5207	
6464	8769	9272	9904	9350	8649	7267	5061	
6160	8137	8697	9320	8679	8088	6752	4520	
5400	7072	8019	8200	7802	6704	5376	4016	
3880	5184	5989	6095	6048	5453	4320	3112	
]

XY3=[
2704	4064	4909	5136	5208	4552	3824	2768	
4085	5796	6594	7354	7376	6400	5392	4080	
5184	6394	7801	8546	8590	7502	6342	5040	
5616	7496	8752	9705	9480	8376	7060	5357	
5392	7459	8576	9336	8912	8216	6784	5080	
5246	6989	7824	8664	8000	7312	6240	4688	
4504	6159	7053	7483	7266	6718	5581	4209	
3032	4328	5120	5504	5320	4987	4064	2808	
]

color_range = [0 300000]
figure(1)
subplot(4,1,1), pcolor(XY0), axis off, caxis( color_range ), colormap(jet)
subplot(4,1,2), pcolor(XY1), axis off, caxis( color_range ), colormap(jet)
subplot(4,1,3), pcolor(XY2), axis off, caxis( color_range ), colormap(jet)
subplot(4,1,4), pcolor(XY3), axis off, caxis( color_range ), colormap(jet)
set(gcf, 'PaperPosition', [1 1 7 30]);
print(gcf,'-djpeg','-r0','_DLADR_sel-0_BL_pir-0.010000_traffic-0.txt.jpg')
Cycletime: 10000
XY0=[
2864	3560	3804	4094	4192	3672	2840	1848	
4429	5106	5386	5688	5168	4424	3432	2224	
5231	6359	6456	6572	6006	4816	4024	2696	
5472	6694	7024	7122	6560	5608	4688	2760	
5632	6846	7141	7032	6707	5272	4400	2744	
5138	6185	6652	6320	6171	4905	3832	2504	
4400	5411	5837	5536	5232	4208	3418	2094	
2744	3696	4176	4472	4328	3832	3008	1952	
]

XY1=[
3776	4848	5416	5600	5464	5024	4088	2712	
5443	6488	7392	7537	7096	6299	5120	3440	
6392	8043	8552	9056	8808	7156	6032	4440	
6716	8304	9368	9568	9072	8154	6664	4497	
6678	8176	8768	8712	8917	7896	6520	4262	
6072	7672	8544	8376	8266	7488	6118	4314	
5432	6712	7472	7408	7160	6640	5236	3496	
3710	5060	5610	5984	5632	4816	4016	2752	
]

XY2=[
3978	4920	5736	6064	5896	5272	4582	3044	
5513	6550	7472	7891	7352	6847	6024	4184	
6264	7959	8592	9429	9008	8136	7304	5281	
6554	8077	9218	9655	8986	8544	7432	5046	
6976	8520	9378	9357	8956	8680	7616	5213	
5983	7959	8305	8635	8360	7860	6800	4918	
5168	7056	7486	7717	7432	6936	6064	4056	
3736	5055	5416	5856	5640	5232	4608	3096	
]

XY3=[
2664	3770	4688	5256	5258	4836	4086	2593	
4080	5436	6400	7128	6824	6128	5656	3947	
5056	6519	7272	8536	7936	7480	6592	4860	
5504	7146	8188	9159	8789	8351	7400	5196	
5776	7264	8490	9000	8807	8264	7312	5232	
5288	6792	7910	8508	8371	7594	6912	4640	
4680	6024	6878	7495	7408	6576	5480	3904	
3144	4496	5056	5848	5865	5424	4312	2624	
]

color_range = [0 300000]
figure(1)
subplot(4,1,1), pcolor(XY0), axis off, caxis( color_range ), colormap(jet)
subplot(4,1,2), pcolor(XY1), axis off, caxis( color_range ), colormap(jet)
subplot(4,1,3), pcolor(XY2), axis off, caxis( color_range ), colormap(jet)
subplot(4,1,4), pcolor(XY3), axis off, caxis( color_range ), colormap(jet)
set(gcf, 'PaperPosition', [1 1 7 30]);
print(gcf,'-djpeg','-r0','_DLADR_sel-0_BL_pir-0.010000_traffic-0.txt.jpg')
Cycletime: 10000
XY0=[
2869	3772	3912	4185	4005	3719	2960	1888	
4253	5222	5408	5981	5599	4807	3512	2096	
4949	6400	6280	6485	6167	5144	3776	2256	
5558	6560	6528	6392	6185	5168	3928	2606	
5651	6488	6928	7032	6368	5464	3928	2720	
5200	6223	6565	6267	5889	4816	3912	2616	
4348	5682	5824	5888	5640	4488	3666	2488	
3007	3840	3952	4314	4028	3638	2920	2152	
]

XY1=[
3592	4730	5360	5686	5499	5272	4337	2792	
5368	6560	7336	7483	7139	6496	4824	3585	
6152	7744	8320	8461	7678	6892	5394	3674	
6472	8270	9360	9359	8691	7736	5992	4368	
6649	7922	8904	9150	8528	7640	5888	4160	
6088	7494	8559	8537	8080	6568	5414	4084	
4912	6646	7056	7280	7440	6104	4812	3488	
3768	5120	5530	5903	5648	4904	3913	3088	
]

XY2=[
3538	4848	5794	6419	6142	5648	4956	2939	
5200	6712	7854	8252	7792	7232	5672	4024	
6032	7880	8888	9317	8489	7719	6600	4808	
6404	8722	9776	10128	9413	8568	7216	5176	
6504	8312	9424	10028	9152	8271	6701	5227	
6120	7424	8872	9302	9008	7815	6572	4874	
5072	6834	7796	7544	7408	6667	5573	4048	
3712	4885	5623	6176	5872	5248	4324	3104	
]

XY3=[
2772	4008	4664	5263	5342	4676	3821	2592	
4270	6032	7009	7459	7021	6873	5415	3800	
5352	7072	8328	8857	8776	8296	6688	4648	
5192	7294	8684	9449	9119	8776	7312	5088	
5672	7688	8952	9657	9201	8416	6984	5072	
5240	7066	8404	9210	8787	7728	6496	4448	
4064	5907	6848	7344	7253	6395	5268	3600	
2815	4365	4979	5553	5583	4948	4083	2608	
]

color_range = [0 300000]
figure(1)
subplot(4,1,1), pcolor(XY0), axis off, caxis( color_range ), colormap(jet)
subplot(4,1,2), pcolor(XY1), axis off, caxis( color_range ), colormap(jet)
subplot(4,1,3), pcolor(XY2), axis off, caxis( color_range ), colormap(jet)
subplot(4,1,4), pcolor(XY3), axis off, caxis( color_range ), colormap(jet)
set(gcf, 'PaperPosition', [1 1 7 30]);
print(gcf,'-djpeg','-r0','_DLADR_sel-0_BL_pir-0.010000_traffic-0.txt.jpg')
