Cycletime: 10000
XY0=[
4623	6838	6636	5857	5091	4362	3665	2729	2418	1903	1385	968	
7240	9161	8999	7461	6111	5223	4460	3407	2902	2092	1601	1142	
9012	10999	10693	9193	7841	6291	5222	4039	3162	2592	1756	1213	
10951	13087	13514	11333	9608	7596	5963	4657	3353	2719	2043	1407	
12109	14985	15494	13375	11717	9132	7222	5428	3829	3174	2337	1577	
12675	16002	17238	15170	12683	9898	7857	5869	4399	3226	2455	1546	
12905	16403	17104	14832	13183	10459	8251	6192	4493	3450	2406	1530	
11951	15822	17026	15082	13638	10534	8168	6120	4430	3342	2192	1474	
9601	13009	14124	12309	11173	8644	6623	5217	3790	2602	1991	1275	
6789	10113	10259	8813	8131	6506	5103	4327	3273	2684	1977	1238	
5162	6693	6513	5762	5500	4432	3798	3287	2456	2077	1723	1119	
2461	3120	3306	2871	2792	2649	2396	2177	2073	1811	1523	1055	
]

XY1=[
5755	8478	8326	7793	7266	6449	5839	4745	4227	3243	2500	1802	
7415	10596	11520	10166	8951	8188	7088	5913	5424	4147	3407	2454	
9617	12672	13828	13122	11485	10156	8493	7026	6057	5087	3776	2706	
10002	14616	16533	16193	14161	11928	9781	8132	6865	5480	4437	3266	
11767	16761	18776	18222	16079	13792	11323	9390	7740	6052	4828	3634	
12599	17993	20354	20600	17791	15666	12957	10378	8517	6423	4946	3538	
12854	17926	20809	20723	18280	15722	12969	10540	8536	6527	4881	3629	
12169	17275	20450	20289	18275	15578	12904	10698	8485	6664	4860	3654	
10966	15805	18738	19050	17072	14926	12002	10174	8104	6259	4716	3280	
9130	13265	15522	14750	13033	11620	9366	8374	6638	5198	4342	2936	
6646	8846	9902	9177	8506	7509	6483	5844	5106	4122	3447	2266	
3830	5083	5506	5583	5208	5020	4547	4354	3790	3222	2684	1807	
]

XY2=[
5788	8499	9745	9232	8856	7988	7356	6225	5280	4242	3177	2262	
7933	11027	12679	11913	11078	10415	8933	7624	6633	5271	4099	3167	
8991	12496	14727	14902	13682	12321	11019	9144	7809	6333	4921	3891	
9504	13382	17073	17536	16263	14551	12648	10372	8702	7013	5561	4620	
10865	15000	18915	19821	18471	16828	14278	11869	9998	8238	6565	5147	
11209	15859	20262	22113	20416	18749	15881	13385	11304	9157	6974	5173	
11611	16406	20930	23050	21364	19791	16997	14287	11368	9488	7188	5381	
11613	15891	20463	21985	20839	18575	15333	13195	10657	8853	6814	5326	
10187	14918	19040	20223	19029	17287	14703	12497	10109	8459	6339	4527	
9320	13626	16736	16517	15050	13770	11652	10225	8302	6537	5252	3627	
6546	9726	11104	10537	10122	9458	8187	7321	6129	5122	4051	2814	
4249	5871	6671	6766	6666	6555	5818	5420	4532	4066	3131	2116	
]

XY3=[
3051	4870	5628	5517	5841	5585	5702	4816	4284	3498	2601	1660	
4238	6750	8222	7688	7587	7070	6403	5644	5026	4186	3285	2558	
5233	7694	10583	10858	10860	9529	8635	7512	6609	5401	4327	3275	
5912	9413	13326	14262	14269	12615	10962	9690	8280	6765	5525	4312	
7043	10896	14927	16689	16297	14644	12795	11246	9547	7885	6339	4996	
8704	12404	16415	18007	17671	15767	13611	11689	10203	8220	6394	5329	
8708	12836	17125	19424	19776	17983	15833	12994	11101	9051	7268	5672	
8624	12427	16778	19487	20365	19222	16898	14524	11861	9824	7539	5678	
8277	12241	16354	18841	19030	17629	15340	13065	10880	8941	6907	5031	
6937	11050	14344	15749	16039	15574	13620	11766	10017	7818	6390	4512	
5878	9566	12433	14377	14988	14418	13483	12048	10419	7926	5915	3660	
4609	7530	9378	10999	11343	11114	10301	8840	7395	5704	4076	2331	
]

color_range = [0 300000]
figure(1)
subplot(4,1,1), pcolor(XY0), axis off, caxis( color_range ), colormap(jet)
subplot(4,1,2), pcolor(XY1), axis off, caxis( color_range ), colormap(jet)
subplot(4,1,3), pcolor(XY2), axis off, caxis( color_range ), colormap(jet)
subplot(4,1,4), pcolor(XY3), axis off, caxis( color_range ), colormap(jet)
set(gcf, 'PaperPosition', [1 1 7 30]);
print(gcf,'-djpeg','-r0','_DLADR_sel-0_BL_pir-0.110000_traffic-0.txt.jpg')
Cycletime: 10000
XY0=[
5961	9037	8956	7712	6463	5261	4194	3553	2905	2341	1879	1270	
8222	11162	11636	9898	8351	6638	5550	4189	3197	2419	1844	1250	
10909	13568	13790	12483	10433	8495	6816	4933	4048	2960	2239	1595	
11598	15251	16089	15276	12714	10188	7733	5666	4159	3082	2171	1530	
12902	16994	17395	15887	13450	11052	8109	5792	4598	3040	2056	1427	
13469	18723	19139	17225	14492	12040	9275	6604	4964	3256	2255	1448	
13069	17601	17890	16428	14113	11771	8837	6688	4942	3406	2284	1503	
11044	15118	14795	13409	11756	9984	7625	5865	4435	3164	2226	1498	
9872	12899	12866	11662	10240	8476	6767	4988	4183	2829	2055	1247	
7368	9296	9524	8561	7411	6242	5203	4132	3617	2846	1870	1410	
4796	5710	5901	5277	4848	4159	3724	2910	2593	2061	1765	1352	
2994	3707	3608	3083	3021	2731	2507	2250	2084	1857	1403	1262	
]

XY1=[
6474	10741	11409	10385	9573	8569	7516	6469	5509	4252	3348	2284	
9362	13364	15068	13931	11921	9949	8466	6898	5800	4518	3493	2472	
11065	16025	18384	17651	15809	13037	10693	8480	7206	5469	4136	3173	
12494	17091	19445	18599	16899	13916	11712	9677	7855	5854	4547	3277	
12051	17778	20844	19504	17573	15007	12336	9865	8175	6018	4668	3494	
12123	18135	21028	20434	17745	15341	13217	10440	8486	6175	5021	3844	
11449	16582	19925	20289	18405	16263	13941	11249	8713	6319	4953	3732	
10074	16371	17925	17553	15606	13913	11435	9619	7659	5726	4877	3526	
8312	12192	13987	13379	12515	11310	9428	7632	6703	4926	4203	3213	
6530	9005	10076	9284	8969	8128	7376	6367	5434	4447	3515	3001	
4313	5828	6299	5904	5859	5765	5467	4689	4226	3559	3140	2428	
3296	3745	3831	3868	3987	3779	3605	3425	3185	2940	2288	1902	
]

XY2=[
6115	9519	10616	9721	9544	8495	7632	6465	5644	4393	3455	2500	
8824	12514	14461	13488	11969	10705	9307	8059	6765	5363	4522	3301	
10196	14454	17949	18103	16838	14601	12147	9889	8302	6596	5154	4214	
10407	14758	18967	19607	18233	16051	13290	11499	9307	7586	6151	4708	
10963	15835	20573	21263	19859	18150	14912	12522	10457	8380	6773	5124	
11510	16450	20479	22102	21034	19793	16707	13442	10910	8868	7060	5590	
11132	15844	20149	21540	21177	19021	16637	14164	10970	9210	7045	5721	
11083	15317	18521	20252	19344	17768	14923	12734	10142	8421	6797	5383	
9569	13631	16691	17469	16884	15709	13432	11301	9399	7776	6126	4914	
7299	10052	12166	12370	12298	11210	10039	8610	7431	6463	5062	4218	
5704	7681	8942	8888	9250	8532	7729	6709	5751	5043	4036	3201	
3673	4822	5536	5381	5598	5145	5072	4692	4174	3788	2960	2308	
]

XY3=[
3393	5411	6455	6419	6588	6293	5891	5229	4661	3822	2994	1992	
4793	7654	9361	9343	8769	8134	7247	6554	5690	4539	3862	2716	
5680	9383	12100	12432	11957	10664	9682	8133	7145	5731	4467	3437	
6561	10685	13925	15294	15128	13386	11946	9841	8523	6997	5595	4303	
7610	11970	15506	17342	17288	15619	13438	11184	9870	8036	6504	4691	
8514	12606	16249	19063	18778	17548	15116	12578	10896	8875	6771	4963	
8158	12426	16124	19361	19698	18624	16699	14371	12029	9924	7476	5553	
7857	12462	16022	19912	20221	19988	18082	15956	13080	10294	7767	5623	
7631	10973	14495	16918	16850	16168	14349	12802	10719	8641	6782	4882	
5819	8678	11000	12492	12665	12328	10968	9813	8674	7318	5539	4056	
4839	7183	8682	10052	10296	10080	9277	8263	6941	5798	4341	2992	
3082	4944	5771	6257	6535	6601	6313	5739	4907	4294	3153	2047	
]

color_range = [0 300000]
figure(1)
subplot(4,1,1), pcolor(XY0), axis off, caxis( color_range ), colormap(jet)
subplot(4,1,2), pcolor(XY1), axis off, caxis( color_range ), colormap(jet)
subplot(4,1,3), pcolor(XY2), axis off, caxis( color_range ), colormap(jet)
subplot(4,1,4), pcolor(XY3), axis off, caxis( color_range ), colormap(jet)
set(gcf, 'PaperPosition', [1 1 7 30]);
print(gcf,'-djpeg','-r0','_DLADR_sel-0_BL_pir-0.110000_traffic-0.txt.jpg')
